490.0 10.0 0.0 0.0
10.0 170.0 0.0 10.0
10.0 170.0 470.0 10.0
20.0 70.0 234.0 10.0
55.0 37.0 45.0 43.0
72.0 37.0 130.0 43.0
55.0 37.0 387.0 43.0
72.0 37.0 284.0 43.0
55.0 20.0 45.0 112.0
55.0 20.0 387.0 112.0
125.0 20.0 180.0 112.0
20.0 122.0 335.0 112.0
20.0 122.0 130.0 112.0
20.0 70.0 232.0 112.0
50.0 20.0 285.0 163.0
50.0 20.0 150.0 163.0
90.0 10.0 390.0 163.0
10.0 71.0 387.0 163.0
10.0 71.0 90.0 163.0
80.0 10.0 10.0 163.0
125.0 10.0 180.0 215.0
10.0 70.0 180.0 215.0
10.0 70.0 295.0 215.0
150.0 10.0 -60.0 224.0
250.0 10.0 390.0 224.0
250.0 10.0 390.0 267.0
10.0 71.0 387.0 267.0
150.0 10.0 -60.0 267.0
10.0 71.0 90.0 267.0
20.0 71.0 335.0 267.0
20.0 71.0 130.0 267.0
125.0 10.0 180.0 275.0
90.0 10.0 0.0 328.0
90.0 10.0 390.0 328.0
125.0 20.0 180.0 318.0
20.0 50.0 232.0 338.0
72.0 18.0 130.0 370.0
72.0 18.0 284.0 370.0
10.0 200.0 0.0 338.0
10.0 200.0 470.0 338.0
490.0 10.0 10.0 524.0
20.0 70.0 79.0 370.0
20.0 70.0 387.0 370.0
34.0 18.0 45.0 370.0
34.0 18.0 407.0 370.0
34.0 20.0 437.0 420.0
39.0 20.0 10.0 420.0
125.0 20.0 180.0 420.0
158.0 18.0 45.0 473.0
158.0 18.0 285.0 473.0
22.0 51.0 232.0 440.0
21.0 53.0 130.0 420.0
21.0 53.0 335.0 420.0